6.263694763183594,2.991024971008301,1.7725391387939453;  2097.7610807418823,1445.314074754715
6.272249698638916,2.986262083053589,1.7725391387939453;  2099.762583732605,1445.6726288795471
6.296321868896484,2.9728598594665527,1.7725391387939453;  2105.414206981659,1446.6850244998932
6.333525657653809,2.9521474838256836,1.7725391387939453;  2114.2092390060425,1448.2604432106018
6.381472110748291,2.9254539012908936,1.7725391387939453;  2125.6530504226685,1450.3104901313782
6.437774181365967,2.8941080570220947,1.7725391387939453;  2139.250569820404,1452.7462601661682
6.500044822692871,2.8594396114349365,1.7725391387939453;  2154.4939069747925,1455.4769349098206
6.565896987915039,2.822777509689331,1.7725391387939453;  2170.852186203003,1458.4072315692902
6.632942199707031,2.7854506969451904,1.7725391387939453;  2187.764326572418,1461.436892747879
6.698794364929199,2.748788356781006,1.7725391387939453;  2204.6344742774963,1464.4589006900787
6.7610650062561035,2.7141199111938477,1.7725391387939453;  2220.8283190727234,1467.35985994339
6.817367076873779,2.682774305343628,1.7725391387939453;  2235.6766304969788,1470.0196146965027
6.86531400680542,2.656080484390259,1.7725391387939453;  2248.4789414405823,1472.3130345344543
6.902516841888428,2.6353681087493896,1.7725391387939453;  2258.51415681839,1474.110779762268
6.926589488983154,2.6219658851623535,1.7725391387939453;  2265.055435180664,1475.2824902534485
6.935144424438477,2.6172029972076416,1.7725391387939453;  2267.3893432617188,1475.7006120681763
6.907678604125977,2.620072603225708,1.7725391387939453;  2262.6665682792664,1475.4485654830933
6.829070568084717,2.6282854080200195,1.7725391387939453;  2249.1822080612183,1474.7291612625122
6.705001354217529,2.6412477493286133,1.7725391387939453;  2227.9965405464172,1473.5986506938934
6.541154861450195,2.6583659648895264,1.7725391387939453;  2200.199606895447,1472.1157085895538
6.3432135581970215,2.679046630859375,1.7725391387939453;  2166.8892574310303,1470.3382444381714
6.116858959197998,2.702695608139038,1.7725391387939453;  2129.1567120552063,1468.3251881599426
5.86777400970459,2.7287192344665527,1.7725391387939453;  2088.0712366104126,1466.1330461502075
5.60164213180542,2.756524085998535,1.7725391387939453;  2044.6707129478455,1463.8174319267273
5.3241448402404785,2.7855162620544434,1.7725391387939453;  1999.9538297653198,1461.4315354824066
5.0409650802612305,2.8151021003723145,1.7725391387939453;  1954.8763990402222,1459.0263783931732
4.757785320281982,2.8446881771087646,1.7725391387939453;  1910.3495879173279,1456.650686264038
4.480288028717041,2.873680353164673,1.7725391387939453;  1867.2406554222107,1454.3506336212158
4.214156150817871,2.9014852046966553,1.7725391387939453;  1826.376341342926,1452.170226573944
3.965071201324463,2.92750883102417,1.7725391387939453;  1788.5475811958313,1450.1519405841827
3.7387168407440186,2.951158046722412,1.7725391387939453;  1754.515694618225,1448.3360826969147
3.5407745838165283,2.9718384742736816,1.7725391387939453;  1725.0209312438965,1446.7624497413635
3.3769283294677734,2.988956928253174,1.7725391387939453;  1700.79145860672,1445.4696905612946
3.252859592437744,3.0019190311431885,1.7725391387939453;  1682.5548548698425,1444.4965815544128
3.1742515563964844,3.0101318359375,1.7725391387939453;  1671.049159526825,1443.8827919960022
3.1467857360839844,3.0130014419555664,1.7725391387939453;  1667.037902355194,1443.6687564849854
3.1501553058624268,3.005645275115967,1.7721041440963745;  1668.1335425376892,1444.1260373592377
3.1597988605499268,2.984591484069824,1.7708592414855957;  1671.2872653007507,1445.4423940181732
3.1750199794769287,2.951361894607544,1.768894076347351;  1676.3194599151611,1447.5425696372986
3.1951208114624023,2.9074788093566895,1.7662991285324097;  1683.0693755149841,1450.3598535060883
3.219404697418213,2.854463815689087,1.7631641626358032;  1691.3867225646973,1453.8311064243317
3.247174024581909,2.7938389778137207,1.7595791816711426;  1701.1234216690063,1457.8949749469757
3.2777318954467773,2.727126359939575,1.755634069442749;  1712.126531124115,1462.4872994422913
3.3103814125061035,2.6558477878570557,1.7514190673828125;  1724.2310271263123,1467.5393283367157
3.3444252014160156,2.5815255641937256,1.7470241785049438;  1737.2536153793335,1472.9745292663574
3.3791661262512207,2.505681037902832,1.7425391674041748;  1750.9856586456299,1478.7059104442596
3.4139068126678467,2.4298367500305176,1.7380541563034058;  1765.1880197525024,1484.633469581604
3.447950839996338,2.3555140495300293,1.733659267425537;  1779.5853152275085,1490.642535686493
3.480600357055664,2.2842354774475098,1.729444146156311;  1793.8622317314148,1496.6010904312134
3.5111582279205322,2.2175230979919434,1.7254992723464966;  1807.6616106033325,1502.3606610298157
3.5389277935028076,2.156898260116577,1.7219141721725464;  1820.5859212875366,1507.7547895908356
3.563211441040039,2.1038832664489746,1.71877920627594;  1832.2009449005127,1512.6024770736694
3.5833122730255127,2.059999942779541,1.716184139251709;  1842.044762134552,1516.7109894752502
3.5985331535339355,2.02677059173584,1.7142192125320435;  1849.6414561271667,1519.8815977573395
3.6081771850585938,2.0057168006896973,1.712974190711975;  1854.5199723243713,1521.9177412986755
3.611546516418457,1.998360514640808,1.7125391960144043;  1856.2365145683289,1522.6342117786407
3.5931055545806885,2.009455919265747,1.7131683826446533;  1851.3619766235352,1521.54745221138
3.5407118797302246,2.0409493446350098,1.7149386405944824;  1837.662938117981,1518.4912598133087
3.4587595462799072,2.09015154838562,1.7176746129989624;  1816.6669006347656,1513.803014755249
3.351642608642578,2.1543729305267334,1.7212005853652954;  1789.9853510856628,1507.8393578529358
3.223755359649658,2.230924129486084,1.7253412008285522;  1759.2063488960266,1500.9515726566315
3.07949161529541,2.3171157836914062,1.729920744895935;  1725.814224243164,1493.46874833107
2.923245429992676,2.4102587699890137,1.734763503074646;  1691.1424283981323,1485.6856620311737
2.759410858154297,2.5076637268066406,1.7396941184997559;  1656.349958896637,1477.859207391739
2.5923819541931152,2.6066408157348633,1.7445368766784668;  1622.4210648536682,1470.2069914340973
2.4265530109405518,2.704501152038574,1.74911630153656;  1590.1786551475525,1462.9107785224915
2.266317844390869,2.798555374145508,1.7532567977905273;  1560.3071365356445,1456.1213374137878
2.11607027053833,2.8861138820648193,1.75678288936615;  1533.3805561065674,1449.964691400528
1.980204701423645,2.9644875526428223,1.7595188617706299;  1509.8935432434082,1444.548751115799
1.8631153106689453,3.0309863090515137,1.761289119720459;  1490.2921042442322,1439.9698197841644
1.769195556640625,3.0829219818115234,1.761918306350708;  1475.0058903694153,1436.3203740119934
1.692301630973816,3.1245276927948,1.7595961093902588;  1462.7618608474731,1432.8673613071442
1.623090386390686,3.1619768142700195,1.7529168128967285;  1451.9100723266602,1428.8673973083496
1.561157464981079,3.1954870223999023,1.7423113584518433;  1442.332061290741,1424.3956112861633
1.5060985088348389,3.225278377532959,1.728210687637329;  1433.9202675819397,1419.5231783390045
1.4575092792510986,3.2515695095062256,1.7110456228256226;  1426.5761189460754,1414.3192327022552
1.4149850606918335,3.274578332901001,1.6912472248077393;  1420.2087049484253,1408.850485086441
1.3781218528747559,3.2945241928100586,1.6692463159561157;  1414.733892917633,1403.1826257705688
1.34651517868042,3.3116259574890137,1.6454737186431885;  1410.0724124908447,1397.3800694942474
1.3197606801986694,3.3261022567749023,1.6203607320785522;  1406.1500029563904,1391.5074861049652
1.2974541187286377,3.33817195892334,1.5943379402160645;  1402.8959398269653,1385.6287801265717
1.2791908979415894,3.3480536937713623,1.5678362846374512;  1400.2425928115845,1379.808748960495
1.2645670175552368,3.355966329574585,1.5412867069244385;  1398.1251311302185,1374.112572669983
1.2531778812408447,3.362128973007202,1.515120267868042;  1396.4803447723389,1368.6060690879822
1.2446191310882568,3.366760015487671,1.4897676706314087;  1395.2466444969177,1363.3560764789581
1.2384865283966064,3.3700780868530273,1.4656599760055542;  1394.3642091751099,1358.4307086467743
1.2343754768371582,3.372302293777466,1.4432281255722046;  1393.7730703353882,1353.8987171649933
1.231882095336914,3.3736517429351807,1.422903060913086;  1393.4148802757263,1349.8302567005157
1.2306015491485596,3.3743443489074707,1.4051156044006348;  1393.2309966087341,1346.2965023517609
1.2301299571990967,3.3745996952056885,1.3902966976165771;  1393.1632189750671,1343.3696496486664
1.230062484741211,3.374636173248291,1.3788772821426392;  1393.1536417007446,1341.1224043369293
1.2374603748321533,3.37481689453125,1.3710037469863892;  1394.0933933258057,1339.5652258396149
1.2575405836105347,3.3760814666748047,1.3656833171844482;  1396.6210570335388,1338.455889225006
1.2871325016021729,3.379514217376709,1.3616392612457275;  1400.2957835197449,1337.490178346634
1.3230654001235962,3.3861992359161377,1.35759437084198;  1404.6727452278137,1336.3645148277283
1.3621690273284912,3.3972201347351074,1.3522717952728271;  1409.3034310340881,1334.7785091400146
1.4012725353240967,3.413661241531372,1.3443939685821533;  1413.7369723320007,1332.4364912509918
1.4372055530548096,3.4366064071655273,1.3326842784881592;  1417.52530002594,1329.0527403354645
1.4667973518371582,3.467139959335327,1.3158656358718872;  1420.228154182434,1324.3549287319183
1.486877679824829,3.506345748901367,1.2926608324050903;  1421.4205985069275,1318.0903720855713
1.4942755699157715,3.555307626724243,1.2617926597595215;  1420.7008295059204,1310.0317692756653
1.4696332216262817,3.6247689723968506,1.2171672582626343;  1415.411521911621,1298.683295249939
1.4027467966079712,3.719616413116455,1.1567574739456177;  1404.406349658966,1283.7293815612793
1.3041774034500122,3.832148551940918,1.0853878259658813;  1389.5515551567078,1266.6732513904572
1.184485912322998,3.954664707183838,1.0078823566436768;  1372.5899076461792,1248.871568441391
1.0542333126068115,4.079463481903076,0.9290650486946106;  1355.074251651764,1231.498976945877
0.923980712890625,4.198843479156494,0.8537604808807373;  1338.3524780273438,1215.5506527423859
0.8042892217636108,4.3051042556762695,0.786792516708374;  1323.5924248695374,1201.873298883438
0.7057197690010071,4.390544891357422,0.7329854965209961;  1311.8299112319946,1191.2122130393982
0.6388332843780518,4.447463035583496,0.6971634030342102;  1304.0369567871094,1184.27060008049
0.6141909956932068,4.468159198760986,0.6841505169868469;  1301.2032623291016,1181.7789614200592
0.6141909956932068,4.468174457550049,0.6841503381729126;  1301.2031149864197,1181.7785787582397
0.6141912341117859,4.4681854248046875,0.6841501593589783;  1301.2029676437378,1181.7784512043
0.6141917109489441,4.468193054199219,0.6841500401496887;  1301.2029676437378,1181.7781960964203
0.6141926646232605,4.468196868896484,0.6841500401496887;  1301.2029676437378,1181.7781960964203
0.6141942739486694,4.468198776245117,0.6841500401496887;  1301.2032623291016,1181.7781960964203
0.6141966581344604,4.468199729919434,0.684149980545044;  1301.2034096717834,1181.7780685424805
0.6141999959945679,4.468200206756592,0.684149980545044;  1301.203851699829,1181.7780685424805
0.6266838312149048,4.456515312194824,0.6909602284431458;  1302.6494307518005,1183.095062971115
0.6622076034545898,4.423258304595947,0.7103430032730103;  1306.7921175956726,1186.869639158249
0.7178913354873657,4.3711256980896,0.7407269477844238;  1313.372883796692,1192.8656947612762
0.7908549308776855,4.302813529968262,0.7805404663085938;  1322.1605486869812,1200.872893333435
0.8782184720039368,4.221019268035889,0.8282118439674377;  1332.9364557266235,1210.691740512848
0.9771019220352173,4.128438472747803,0.8821695446968079;  1345.4803276062012,1222.1217215061188
1.0846251249313354,4.027768611907959,0.9408420324325562;  1359.5575947761536,1234.948673248291
1.1979080438613892,3.921705722808838,1.0026576519012451;  1374.9065766334534,1248.9347076416016
1.3140709400177002,3.812946319580078,1.066044807434082;  1391.227430820465,1263.8063490390778
1.4302335977554321,3.70418643951416,1.129431962966919;  1408.17080783844,1279.2450952529907
1.543515920639038,3.598123550415039,1.191247582435608;  1425.3279790878296,1294.8787438869476
1.6510382890701294,3.497453212738037,1.249920129776001;  1442.2252378463745,1310.27552485466
1.749920129776001,3.4048728942871094,1.3038777112960815;  1458.3202157020569,1324.9412941932678
1.8372817039489746,3.3230786323547363,1.3515491485595703;  1473.0058608055115,1338.3228504657745
1.910243034362793,3.2547667026519775,1.3913625478744507;  1485.6211938858032,1349.818011522293
1.9659239053726196,3.202633857727051,1.4217466115951538;  1495.4714941978455,1358.7937271595001
2.0014445781707764,3.169376850128174,1.441129446029663;  1501.8590941429138,1364.6141409873962
2.0139245986938477,3.1576919555664062,1.4479396343231201;  1504.1228671073914,1366.6769433021545
2.0139245986938477,3.1576919555664062,1.4479396343231201;  1504.1228671073914,1366.6769433021545
2.0139245986938477,3.1576919555664062,1.4479396343231201;  1504.1228671073914,1366.6769433021545
2.0139245986938477,3.1576919555664062,1.4479396343231201;  1504.1228671073914,1366.6769433021545
2.0139245986938477,3.1576919555664062,1.4479396343231201;  1504.1228671073914,1366.6769433021545
2.0139245986938477,3.1576919555664062,1.4479396343231201;  1504.1228671073914,1366.6769433021545
