4.335135459899902,4.064728736877441,2.4985694885253906;  1726.837077140808,1505.3803730010986
4.343742847442627,4.065003871917725,2.4912033081054688;  1727.7893528938293,1504.0771543979645
4.368144512176514,4.065735816955566,2.470431327819824;  1730.4923543930054,1500.4057693481445
4.406383037567139,4.066734313964844,2.4382095336914062;  1734.739065170288,1494.7220933437347
4.456600666046143,4.067763805389404,2.396477222442627;  1740.3373503684998,1487.3817467689514
4.516908645629883,4.068563938140869,2.3471949100494385;  1747.0947804450989,1478.744559288025
4.585278034210205,4.068880558013916,2.2923665046691895;  1754.8038969039917,1469.1758453845978
4.659463882446289,4.068497657775879,2.2340526580810547;  1763.230866909027,1459.0460216999054
4.736956596374512,4.0672736167907715,2.1743693351745605;  1772.1075267791748,1448.7289488315582
4.814965724945068,4.065176963806152,2.115480899810791;  1781.1246042251587,1438.5991251468658
4.890430450439453,4.062314987182617,2.0595862865448;  1789.9298028945923,1429.0296459197998
4.960057258605957,4.0589399337768555,2.0089025497436523;  1798.1292757987976,1420.3893971443176
5.020376205444336,4.055441856384277,1.9656500816345215;  1805.2939610481262,1413.0434381961823
5.067818641662598,4.0523152351379395,1.9320416450500488;  1810.9706325531006,1407.352364063263
5.098810195922852,4.050093650817871,1.9102768898010254;  1814.6991391181946,1403.6744737625122
5.1098785400390625,4.0492658615112305,1.9025391340255737;  1816.03480052948,1402.3683214187622
5.081940174102783,4.051263809204102,1.9054710865020752;  1812.6728825569153,1402.7706265449524
5.0018486976623535,4.05678129196167,1.913818120956421;  1803.0674657821655,1403.9239692687988
4.875045299530029,4.064888954162598,1.926836609840393;  1787.9527587890625,1405.7459497451782
4.706860065460205,4.074479103088379,1.9436699151992798;  1768.069453239441,1408.144474029541
4.502590179443359,4.084394931793213,1.9633290767669678;  1744.1491055488586,1411.0079324245453
4.267581939697266,4.093546390533447,1.9846910238265991;  1716.903380870819,1414.2004799842834
4.007298469543457,4.101008892059326,2.0065271854400635;  1687.0203695297241,1417.5619089603424
3.727369785308838,4.106103897094727,2.027564764022827;  1655.1644396781921,1420.9128785133362
3.4336256980895996,4.108444690704346,2.0465760231018066;  1621.9831624031067,1424.0674149990082
3.1321005821228027,4.107954978942871,2.062483072280884;  1588.1161522865295,1426.8480908870697
2.829019546508789,4.1048479080200195,2.0744664669036865;  1554.2052340507507,1429.1041374206543
2.5307540893554688,4.099575519561768,2.0820553302764893;  1520.9026937484741,1430.7293021678925
2.243769884109497,4.092756748199463,2.085188865661621;  1488.8777618408203,1431.6765177249908
1.9745585918426514,4.0850934982299805,2.084238052368164;  1458.817349910736,1431.9668304920197
1.7295852899551392,4.07728910446167,2.079979181289673;  1431.4241352081299,1431.69118642807
1.5152392387390137,4.069979190826416,2.0735256671905518;  1407.4115509986877,1431.0031604766846
1.3378138542175293,4.063696384429932,2.0662171840667725;  1387.4971561431885,1430.1035225391388
1.203505516052246,4.058853626251221,2.0594828128814697;  1372.3967413902283,1429.216639995575
1.1184439659118652,4.055767059326172,2.0546762943267822;  1362.8210878372192,1428.5610127449036
1.088731288909912,4.0546875,2.0528979301452637;  1359.473904132843,1428.3145785331726
1.0942366123199463,4.05242919921875,2.049128770828247;  1360.1446080207825,1427.7900767326355
1.1099655628204346,4.045736312866211,2.038170337677002;  1362.0684614181519,1426.2706542015076
1.1347594261169434,4.034613609313965,2.020296096801758;  1365.1221385002136,1423.797128200531
1.1674668788909912,4.018944263458252,1.9955662488937378;  1369.1896805763245,1420.3762590885162
1.2069222927093506,3.9985318183898926,1.9639683961868286;  1374.1594018936157,1416.001796722412
1.2519277334213257,3.9731380939483643,1.9255459308624268;  1379.920648097992,1410.674889087677
1.301247239112854,3.942533493041992,1.8805088996887207;  1386.3607020378113,1404.4202816486359
1.3536075353622437,3.9065542221069336,1.8293241262435913;  1393.3637523651123,1397.2994554042816
1.407707929611206,3.865177631378174,1.7727795839309692;  1400.8077993392944,1389.4201934337616
1.4622397422790527,3.8186018466949463,1.7120180130004883;  1408.5624446868896,1380.9414279460907
1.515912413597107,3.767335891723633,1.6485430002212524;  1416.4866814613342,1372.0743882656097
1.5674898624420166,3.7122840881347656,1.5841896533966064;  1424.426094532013,1363.0799221992493
1.615828514099121,3.6548211574554443,1.5210669040679932;  1432.2106504440308,1354.2616081237793
1.6599268913269043,3.5968470573425293,1.4614758491516113;  1439.653371334076,1345.9541475772858
1.6989809274673462,3.5408167839050293,1.407805323600769;  1446.55269241333,1338.508186340332
1.7325613498687744,3.489793300628662,1.3620245456695557;  1452.7098484039307,1332.1909499168396
1.7609546184539795,3.4473557472229004,1.3243212699890137;  1457.977349281311,1326.9191455841064
1.7846295833587646,3.4169485569000244,1.2941489219665527;  1462.2245020866394,1322.475038766861
1.8040424585342407,3.40168833732605,1.2706384658813477;  1465.3313698768616,1318.5887253284454
1.8195791244506836,3.4042983055114746,1.252657175064087;  1467.1946654319763,1314.9524176120758
1.8135898113250732,3.4264583587646484,1.2391138076782227;  1465.4925627708435,1311.3145792484283
1.7720122337341309,3.4674062728881836,1.2289104461669922;  1458.5519857406616,1307.5350284576416
1.700322151184082,3.5255279541015625,1.2207920551300049;  1447.301929950714,1303.4837877750397
1.6036903858184814,3.59879207611084,1.213641881942749;  1432.6855359077454,1299.0788400173187
1.4869786500930786,3.6848087310791016,1.2065677642822266;  1415.6119079589844,1294.2976081371307
1.354761004447937,3.7809078693389893,1.1989624500274658;  1396.9210467338562,1289.178740978241
1.2113581895828247,3.884216785430908,1.1905293464660645;  1377.3611583709717,1283.8159906864166
1.060878038406372,3.9917306900024414,1.1812760829925537;  1357.5792245864868,1278.3473706245422
0.9072616100311279,4.100384712219238,1.1714763641357422;  1338.1224761009216,1272.9388284683228
0.7543348073959351,4.207106590270996,1.1616102457046509;  1319.4490013122559,1267.769832611084
0.6059070825576782,4.308987617492676,1.1524816751480103;  1301.9466061592102,1263.0470204353333
0.46601271629333496,4.403735637664795,1.1456900835037231;  1285.970239162445,1259.0700161457062
0.3388432264328003,4.48930549621582,1.1429462432861328;  1271.8548102378845,1256.1300253868103
0.22872459888458252,4.563727378845215,1.1458443403244019;  1259.9281568527222,1254.4862377643585
0.14014601707458496,4.625054836273193,1.1558458805084229;  1250.5257782936096,1254.3738627433777
0.06745254993438721,4.675989627838135,1.1661895513534546;  1242.937924861908,1254.604480266571
0.0016624927520751953,4.720853805541992,1.1696735620498657;  1236.1698861122131,1253.9200258255005
-0.057570815086364746,4.760105133056641,1.1669960021972656;  1230.1522636413574,1252.4336397647858
-0.11058056354522705,4.794191360473633,1.158860206604004;  1224.8240575790405,1250.2528500556946
-0.1576908826828003,4.823549270629883,1.1459729671478271;  1220.1313405036926,1247.4814856052399
-0.19921875,4.848609447479248,1.1290438175201416;  1216.0256366729736,1244.2196762561798
-0.2354755401611328,4.869797229766846,1.1087839603424072;  1212.4632589817047,1240.565766096115
-0.26677048206329346,4.88753604888916,1.08590567111969;  1209.4038355350494,1236.6161859035492
-0.2934098243713379,4.902247428894043,1.0611222982406616;  1206.8103096485138,1232.4664735794067
-0.31569981575012207,4.914350509643555,1.0351464748382568;  1204.647834777832,1228.2119119167328
-0.33705031871795654,4.917877674102783,0.9997547268867493;  1202.544517993927,1222.7247965335846
-0.3598591089248657,4.908353805541992,0.9491438865661621;  1200.2313115596771,1215.193246603012
-0.3827887773513794,4.8883233070373535,0.8877096772193909;  1197.841560602188,1206.1903619766235
-0.40452027320861816,4.860365390777588,0.8198556303977966;  1195.510894060135,1196.292941570282
-0.42393195629119873,4.827263355255127,0.7499260902404785;  1193.3621957302094,1186.080973148346
-0.44021308422088623,4.792095184326172,0.6821498274803162;  1191.4954376220703,1176.1366128921509
-0.4529048204421997,4.758248805999756,0.6206038594245911;  1189.9830386638641,1167.0441854000092
-0.4618716239929199,4.729369640350342,0.5692082643508911;  1188.8706014156342,1159.3894183635712
-0.46719062328338623,4.709262847900391,0.5317649841308594;  1188.1849422454834,1153.7594425678253
-0.4689687490463257,4.701738357543945,0.512048065662384;  1187.949046611786,1150.7444500923157
-0.46597063541412354,4.701235771179199,0.5117970108985901;  1188.2526462078094,1150.7109034061432
-0.4576610326766968,4.70054292678833,0.5271221399307251;  1189.0992772579193,1153.136214017868
-0.44495630264282227,4.700831890106201,0.5533772110939026;  1190.4032599925995,1157.2732985019684
-0.42879176139831543,4.703312873840332,0.585902988910675;  1192.0759677886963,1162.3688232898712
-0.4102790355682373,4.709321975708008,0.6200729608535767;  1194.0099878311157,1167.6681792736053
-0.3908064365386963,4.720345973968506,0.6513376832008362;  1196.0685124397278,1172.4244105815887
-0.37206828594207764,4.7379984855651855,0.6752609610557556;  1198.0827605724335,1175.9081637859344
-0.35603320598602295,4.763974666595459,0.6875279545783997;  1199.8561770915985,1177.418019771576
-0.34484291076660156,4.799996852874756,0.6839196085929871;  1201.177693605423,1176.288274526596
-0.34065747261047363,4.847768783569336,0.6602416634559631;  1201.8402936458588,1171.892638206482
-0.3661668300628662,4.914544105529785,0.6125038862228394;  1199.636931180954,1163.6126017570496
-0.43542349338531494,5.001928329467773,0.5434827208518982;  1193.298838376999,1152.027004957199
-0.5374947786331177,5.103096008300781,0.45910102128982544;  1184.0396769046783,1138.3044970035553
-0.6614394187927246,5.211217880249023,0.365284264087677;  1173.0164551734924,1123.531709909439
-0.7963331937789917,5.3194780349731445,0.26795387268066406;  1161.293134689331,1108.6873650550842
-0.9312878847122192,5.421083450317383,0.17302018404006958;  1149.8287689685822,1094.6388292312622
-1.055463433265686,5.509278297424316,0.08637595176696777;  1139.4859020709991,1082.1558904647827
-1.1580734252929688,5.577341079711914,0.01389610767364502;  1131.0542171001434,1071.938054561615
-1.2283811569213867,5.618578910827637,-0.03856533765792847;  1125.2853827476501,1064.6505790948868
-1.2556915283203125,5.626328468322754,-0.06517088413238525;  1122.9388768672943,1060.969244837761
-1.2575901746749878,5.616762161254883,-0.07511329650878906;  1122.6257736682892,1059.5784604549408
-1.258981466293335,5.609646797180176,-0.08239412307739258;  1122.3941509723663,1058.5575824975967
-1.2601399421691895,5.603696823120117,-0.0883859395980835;  1122.2006900310516,1057.715854048729
-1.26131010055542,5.597609519958496,-0.09444904327392578;  1122.0036928653717,1056.8626457452774
-1.262711763381958,5.59006929397583,-0.10193520784378052;  1121.7636716365814,1055.8072644472122
-1.264533281326294,5.579742431640625,-0.11218386888504028;  1121.4430539608002,1054.3590807914734
-1.2669090032577515,5.565265655517578,-0.12651419639587402;  1121.0081720352173,1052.327337861061
-1.258136510848999,5.535345077514648,-0.13540345430374146;  1121.3509647846222,1051.0104709863663
-1.228129267692566,5.480424404144287,-0.1312776803970337;  1123.2637674808502,1051.4539122581482
-1.1791722774505615,5.401784896850586,-0.11845362186431885;  1126.607783317566,1053.087814450264
-1.1131539344787598,5.3021955490112305,-0.09996211528778076;  1131.3239278793335,1055.5333423614502
-1.0316765308380127,5.190033912658691,-0.07323771715164185;  1137.472316980362,1059.2355954647064
-0.9370756149291992,5.074892997741699,-0.03404444456100464;  1145.0504457950592,1064.9147433042526
-0.8325773477554321,4.965882778167725,0.022377610206604004;  1153.928210735321,1073.3949756622314
-0.7219326496124268,4.87122917175293,0.1015932559967041;  1163.8547608852386,1085.6249749660492
-0.6081763505935669,4.785407066345215,0.195076584815979;  1174.454077720642,1100.3822004795074
-0.4937269687652588,4.699437141418457,0.28850799798965454;  1185.3949348926544,1115.5102252960205
-0.38145625591278076,4.615445613861084,0.3795590400695801;  1196.405853509903,1130.633020401001
-0.2742999792098999,4.535576820373535,0.4659101366996765;  1207.1805081367493,1145.336800813675
-0.17525136470794678,4.4619927406311035,0.5452522039413452;  1217.3774321079254,1159.1702806949615
-0.08734560012817383,4.3968706130981445,0.6152874827384949;  1226.6239957809448,1171.6481173038483
-0.013647675514221191,4.342400074005127,0.6737287640571594;  1234.5225212574005,1182.2588193416595
0.042766451835632324,4.300778865814209,0.7182962894439697;  1240.660743713379,1190.475333929062
0.07883179187774658,4.274204254150391,0.7467116117477417;  1244.6276507377625,1195.7717561721802
0.09151709079742432,4.264862537384033,0.7566922903060913;  1246.030942440033,1197.6429724693298
0.09151709079742432,4.264862537384033,0.7566922903060913;  1246.030942440033,1197.6429724693298
0.09151709079742432,4.264862537384033,0.7566922903060913;  1246.030942440033,1197.6429724693298
0.09151709079742432,4.264862537384033,0.7566922903060913;  1246.030942440033,1197.6429724693298
0.09151709079742432,4.264862537384033,0.7566922903060913;  1246.030942440033,1197.6429724693298
0.09151709079742432,4.264862537384033,0.7566922903060913;  1246.030942440033,1197.6429724693298
