4.333030700683594,4.065900802612305,1.053875207901001;  1726.5039353370667,1253.6042022705078
4.34168815612793,4.066153526306152,1.0611557960510254;  1727.4635782241821,1254.8649454116821
4.366227626800537,4.066822528839111,1.081683874130249;  1730.1867656707764,1258.4203839302063
4.404669761657715,4.067725658416748,1.113525152206421;  1734.4636816978455,1263.9379847049713
4.455132484436035,4.0686354637146,1.1547598838806152;  1740.0988025665283,1271.089551448822
4.515703201293945,4.069301128387451,1.2034480571746826;  1746.8963098526,1279.5451021194458
4.5843329429626465,4.0694780349731445,1.2576080560684204;  1754.6457982063293,1288.969042301178
4.658758640289307,4.068958759307861,1.3152039051055908;  1763.110929965973,1299.0169763565063
4.736458778381348,4.067609786987305,1.3741453886032104;  1772.021478652954,1309.333666563034
4.814637184143066,4.065406799316406,1.4322960376739502;  1781.066698551178,1319.5522677898407
4.890230178833008,4.062459468841553,1.4874860048294067;  1789.8938512802124,1329.2941999435425
4.959946155548096,4.059021472930908,1.5375282764434814;  1798.1089425086975,1338.1695306301117
5.020322799682617,4.055482387542725,1.5802315473556519;  1805.283941745758,1345.7787609100342
5.067797660827637,4.05233097076416,1.6134123802185059;  1810.9666543006897,1351.7160141468048
5.098804950714111,4.050097465515137,1.6349000930786133;  1814.6982550621033,1355.5732452869415
5.1098785400390625,4.0492658615112305,1.642539143562317;  1816.03480052948,1356.9471287727356
5.083147048950195,4.052802085876465,1.6396071910858154;  1812.6633052825928,1356.2675213813782
5.006804466247559,4.06309700012207,1.6312601566314697;  1803.0379972457886,1354.3265330791473
4.8867998123168945,4.079870223999023,1.6182416677474976;  1787.9203433990479,1351.2793970108032
4.729232311248779,4.102993965148926,1.6014083623886108;  1768.1006898880005,1347.2986936569214
4.540240287780762,4.132382869720459,1.5817492008209229;  1744.3885374069214,1342.582004070282
4.325908184051514,4.167886734008789,1.5603872537612915;  1717.6006064414978,1337.3528027534485
4.092185974121094,4.20920467376709,1.5385510921478271;  1688.5489025115967,1331.8572688102722
3.8448286056518555,4.2558135986328125,1.5175135135650635;  1658.026129245758,1326.352550983429
3.589351177215576,4.3069281578063965,1.4985023736953735;  1626.7906594276428,1321.0894203186035
3.33101749420166,4.361488342285156,1.4825952053070068;  1595.5541582107544,1316.2933921813965
3.0748560428619385,4.41818380355835,1.470611810684204;  1564.9718585014343,1312.1445727348328
2.825697422027588,4.47550106048584,1.463023066520691;  1535.639024734497,1308.7627351284027
2.5882325172424316,4.531798362731934,1.4598894119262695;  1508.0925736427307,1306.1978805065155
2.367077112197876,4.585386753082275,1.4608402252197266;  1482.8182940483093,1304.4284522533417
2.1668429374694824,4.634604454040527,1.4650990962982178;  1460.263518333435,1303.367713689804
1.9921830892562866,4.677878379821777,1.4715526103973389;  1440.8503832817078,1302.8767585754395
1.847834825515747,4.713754177093506,1.4788610935211182;  1424.9921851158142,1302.7827513217926
1.7386229038238525,4.740898609161377,1.485595464706421;  1413.106198310852,1302.901121377945
1.6694538593292236,4.758068561553955,1.4904019832611084;  1405.6281151771545,1303.0610740184784
1.6452893018722534,4.764060020446777,1.4921802282333374;  1403.0248646736145,1303.1323766708374
1.644675850868225,4.753055572509766,1.490342617034912;  1403.2346806526184,1303.2247257232666
1.6431546211242676,4.721625804901123,1.4848477840423584;  1403.8611817359924,1303.4513890743256
1.6413030624389648,4.672173500061035,1.4759448766708374;  1404.9148292541504,1303.771549463272
1.6397813558578491,4.607150077819824,1.4640812873840332;  1406.41890335083,1304.1746199131012
1.6392848491668701,4.529071807861328,1.4497811794281006;  1408.404788017273,1304.6603453159332
1.6404973268508911,4.440528869628906,1.4335376024246216;  1410.9041619300842,1305.2211999893188
1.644052267074585,4.344174385070801,1.4157116413116455;  1413.9453148841858,1305.8242750167847
1.6504958868026733,4.242691993713379,1.396448016166687;  1417.5468120574951,1306.3968646526337
1.660254955291748,4.138741493225098,1.3756088018417358;  1421.712631702423,1306.812435388565
1.6736139059066772,4.034876823425293,1.3527300357818604;  1426.4289236068726,1306.881697177887
1.690692663192749,3.9334568977355957,1.3270083665847778;  1431.660472869873,1306.3495421409607
1.7114403247833252,3.8365395069122314,1.2973177433013916;  1437.350405216217,1304.8982334136963
1.735625982284546,3.745776653289795,1.2622594833374023;  1443.421365737915,1302.1606707572937
1.7628490924835205,3.662318706512451,1.220245599746704;  1449.779939174652,1297.7413094043732
1.7925492525100708,3.58673095703125,1.1696103811264038;  1456.322838306427,1291.2443494796753
1.8238648176193237,3.518913507461548,1.1091372966766357;  1462.9264426231384,1282.3834323883057
1.8552416563034058,3.4582319259643555,1.0394132137298584;  1469.3967018127441,1271.2450397014618
1.8850295543670654,3.404118061065674,0.9618097543716431;  1475.5187902450562,1258.084534406662
1.9116498231887817,3.3562870025634766,0.8780763149261475;  1481.0702204704285,1243.2436335086823
1.9335819482803345,3.314854145050049,0.7902705073356628;  1485.8143601417542,1227.135101556778
1.9317692518234253,3.280099391937256,0.7008811235427856;  1487.2229561805725,1210.2784657478333
1.8915163278579712,3.250962257385254,0.6125214695930481;  1483.353147983551,1193.2738673686981
1.8180346488952637,3.2263002395629883,0.5275118350982666;  1474.8657674789429,1176.6662168502808
1.7166454792022705,3.205491065979004,0.44792354106903076;  1462.446252822876,1160.934989452362
1.592682957649231,3.1883716583251953,0.3754537105560303;  1446.7872619628906,1146.4740717411041
1.4513981342315674,3.1751484870910645,0.3113328218460083;  1428.5793900489807,1133.575689792633
1.2978832721710205,3.166282892227173,0.2562757730484009;  1408.505717754364,1122.42262840271
1.137016773223877,3.1623661518096924,0.21047794818878174;  1387.2391591072083,1113.0870831012726
0.9734374284744263,3.1640067100524902,0.17365765571594238;  1365.4396619796753,1105.5383133888245
0.8115456104278564,3.1717350482940674,0.14513885974884033;  1343.7514085769653,1099.6576941013336
0.6555954217910767,3.1857359409332275,0.12385058403015137;  1322.810477256775,1095.2392256259918
0.509946346282959,3.205183982849121,0.10818958282470703;  1303.2721009254456,1091.9654262065887
0.3789416551589966,3.2288296222686768,0.09657573699951172;  1285.7639594078064,1089.518814086914
0.2669069766998291,3.255277395248413,0.08763670921325684;  1270.874686717987,1087.6229798793793
0.1782214641571045,3.2830801010131836,0.08024132251739502;  1259.1643323898315,1086.0510051250458
0.10619664192199707,3.3104491233825684,0.07169675827026367;  1249.7317485809326,1084.2678010463715
0.04094040393829346,3.3364920616149902,0.06009483337402344;  1241.268090248108,1081.9006550312042
-0.017877697944641113,3.361114978790283,0.04569268226623535;  1233.7102210521698,1079.0070939064026
-0.07057619094848633,3.384225606918335,0.028760075569152832;  1226.9992775917053,1075.6448996067047
-0.11746358871459961,3.405728816986084,0.009576916694641113;  1221.0791959762573,1071.8722367286682
-0.15884220600128174,3.425527572631836,-0.011568784713745117;  1215.8966381549835,1067.7466958761215
-0.19500839710235596,3.443526268005371,-0.034384846687316895;  1211.4009919166565,1063.3246558904648
-0.2262568473815918,3.459628105163574,-0.05857551097869873;  1207.5433394908905,1058.661921620369
-0.25287914276123047,3.473735809326172,-0.08384239673614502;  1204.276973247528,1053.812958598137
-0.2751666307449341,3.485753059387207,-0.10988712310791016;  1201.5567326545715,1048.831084370613
-0.29697978496551514,3.505580425262451,-0.13221406936645508;  1198.9601862430573,1044.6216768026352
-0.3210486173629761,3.540468692779541,-0.14722812175750732;  1196.2104034423828,1041.917724609375
-0.34584760665893555,3.586324691772461,-0.1558535099029541;  1193.4887630939484,1040.5165445804596
-0.36986804008483887,3.639038324356079,-0.15904879570007324;  1190.9611730575562,1040.1933228969574
-0.3917926549911499,3.6945064067840576,-0.15798890590667725;  1188.7561161518097,1040.6803876161575
-0.41060805320739746,3.748663902282715,-0.15417003631591797;  1186.9537467956543,1041.658598780632
-0.42564618587493896,3.797515392303467,-0.14943242073059082;  1185.585891008377,1042.7610474824905
-0.4365568161010742,3.837149143218994,-0.14591455459594727;  1184.6446659564972,1043.5828775167465
-0.44320058822631836,3.8637287616729736,-0.14593803882598877;  1184.0994243621826,1043.698377609253
-0.4454677104949951,3.8734424114227295,-0.1518383026123047;  1183.9202556610107,1042.680242061615
-0.43916189670562744,3.854705810546875,-0.16455614566802979;  1184.4931240081787,1040.2972155809402
-0.42124128341674805,3.804476261138916,-0.18269312381744385;  1186.1674525737762,1036.7380779981613
-0.3926743268966675,3.731686592102051,-0.2047334909439087;  1188.9569442272186,1032.2519421577454
-0.3544992208480835,3.645409345626831,-0.22919070720672607;  1192.8813428878784,1027.096785902977
-0.3085719347000122,3.5549662113189697,-0.25491201877593994;  1197.8565158843994,1021.5049487352371
-0.25804364681243896,3.4698679447174072,-0.281278133392334;  1203.6062693595886,1015.6565368175507
-0.20753788948059082,3.3996522426605225,-0.308276891708374;  1209.607757806778,1009.6657747030258
-0.16301000118255615,3.3537096977233887,-0.33645427227020264;  1215.0923681259155,1003.5859799385071
-0.1312849521636963,3.3412060737609863,-0.36673009395599365;  1219.122043132782,997.4402397871017
-0.11928975582122803,3.3711631298065186,-0.40007293224334717;  1220.749664068222,991.2846779823303
-0.14573311805725098,3.4441683292388916,-0.44333696365356445;  1217.6189267635345,983.9420354366302
-0.21758079528808594,3.548835515975952,-0.4999476671218872;  1209.074524641037,974.7837263345718
-0.3235863447189331,3.6762471199035645,-0.5654841661453247;  1196.8551750183105,964.7195929288864
-0.4524959325790405,3.8174867630004883,-0.6355201601982117;  1182.5897512435913,954.5530337095261
-0.5930694341659546,3.9636335372924805,-0.7056446671485901;  1167.7126343250275,944.9557477235794
-0.734099268913269,4.105762481689453,-0.7714798450469971;  1153.4417588710785,936.471688747406
-0.8644197583198547,4.234946250915527,-0.8286911845207214;  1140.7998304367065,929.541300535202
-0.9729129672050476,4.342252731323242,-0.8729907870292664;  1130.6641273498535,924.536275267601
-1.048506736755371,4.4187493324279785,-0.9001339673995972;  1123.8325839042664,921.8010085821152
-1.0801656246185303,4.455504417419434,-0.9059107899665833;  1121.1037237644196,921.6990929841995
-1.0852420330047607,4.467278480529785,-0.9005345106124878;  1120.7738971710205,922.8475886583328
-1.0889275074005127,4.475881099700928,-0.8965543508529663;  1120.5361597537994,923.692569732666
-1.0919365882873535,4.482957363128662,-0.8932552933692932;  1120.343509197235,924.390098452568
-1.0949578285217285,4.4901509284973145,-0.8898966312408447;  1120.1520373821259,925.0983417034149
-1.0986576080322266,4.499105930328369,-0.8857172131538391;  1119.9207830429077,925.9775710105896
-1.1036758422851562,4.511465072631836,-0.879928708076477;  1119.6118791103363,927.1904176473618
-1.11060631275177,4.528867244720459,-0.8716980814933777;  1119.1932048797607,928.9032757282257
-1.1079756021499634,4.545415878295898,-0.8525269627571106;  1119.764526128769,932.3553317785263
-1.0860438346862793,4.556158542633057,-0.8145352005958557;  1122.2520389556885,938.7047755718231
-1.0477843284606934,4.564038276672363,-0.7574295997619629;  1126.3908948898315,948.056201338768
-0.9953362345695496,4.570145130157471,-0.6814287304878235;  1131.9742984771729,960.3941112756729
-0.9285869002342224,4.569036960601807,-0.5908151865005493;  1138.9341037273407,974.9529904127121
-0.8474973440170288,4.554126262664795,-0.4922128915786743;  1147.20894241333,990.6354284286499
-0.7527217864990234,4.51966667175293,-0.39388352632522583;  1156.7216069698334,1006.1544060707092
-0.6452633142471313,4.460938930511475,-0.3054887056350708;  1167.421706199646,1020.0324660539627
-0.5304526090621948,4.388307571411133,-0.22468852996826172;  1178.9827287197113,1032.8307819366455
-0.4149158000946045,4.315959453582764,-0.14354002475738525;  1190.8907432556152,1045.9828686714172
-0.3015322685241699,4.245655059814453,-0.06406092643737793;  1202.848706960678,1059.1606575250626
-0.19325459003448486,4.179131984710693,0.011696219444274902;  1214.5242884159088,1072.0004284381866
-0.09310340881347656,4.118113994598389,0.08164560794830322;  1225.5506043434143,1084.1027462482452
-0.004156947135925293,4.064318656921387,0.14367234706878662;  1235.52938747406,1095.0369250774384
0.0704643726348877,4.019463539123535,0.19563984870910645;  1244.0382800102234,1104.3469595909119
0.12761938571929932,3.985272169113159,0.23540163040161133;  1250.6412949562073,1111.5637063980103
0.16417503356933594,3.9634766578674316,0.2608135938644409;  1254.9040660858154,1116.2189149856567
0.17703604698181152,3.9558217525482178,0.269750714302063;  1256.4110870361328,1117.8641057014465
0.17703604698181152,3.9558217525482178,0.269750714302063;  1256.4110870361328,1117.8641057014465
0.17703604698181152,3.9558217525482178,0.269750714302063;  1256.4110870361328,1117.8641057014465
0.17703604698181152,3.9558217525482178,0.269750714302063;  1256.4110870361328,1117.8641057014465
0.17703604698181152,3.9558217525482178,0.269750714302063;  1256.4110870361328,1117.8641057014465
0.17703604698181152,3.9558217525482178,0.269750714302063;  1256.4110870361328,1117.8641057014465
