7.2531304359436035,2.510383129119873,1.7725391387939453;  2340.226282596588,1485.3087401390076
7.260720252990723,2.503638744354248,1.7725391387939453;  2343.0372862815857,1485.9306931495667
7.282055854797363,2.484670877456665,1.7725391387939453;  2350.986276626587,1487.689917087555
7.314968585968018,2.455387830734253,1.7725391387939453;  2363.3870787620544,1490.4351329803467
7.357274532318115,2.4177045822143555,1.7725391387939453;  2379.5795974731445,1494.021567106247
7.406796455383301,2.373535394668579,1.7725391387939453;  2398.9038848876953,1498.3038079738617
7.461371898651123,2.3247897624969482,1.7725391387939453;  2420.6765656471252,1503.131341934204
7.518863677978516,2.273365020751953,1.7725391387939453;  2444.170798301697,1508.3435785770416
7.577164173126221,2.221141815185547,1.7725391387939453;  2468.6019830703735,1513.7665343284607
7.6342010498046875,2.1699841022491455,1.7725391387939453;  2493.1159744262695,1519.2107915878296
7.687930583953857,2.121734857559204,1.7725391387939453;  2516.782745361328,1524.4693303108215
7.736340522766113,2.078218698501587,1.7725391387939453;  2538.600365638733,1529.318675994873
7.777440547943115,2.041243314743042,1.7725391387939453;  2557.5017795562744,1533.5211956501007
7.80925178527832,2.012606382369995,1.7725391387939453;  2572.376907348633,1536.8291795253754
7.829798698425293,1.994101881980896,1.7725391387939453;  2582.100640296936,1538.991984128952
7.837093830108643,1.9875304698944092,1.7725391387939453;  2585.5752754211426,1539.7649610042572
7.809627056121826,1.9903987646102905,1.772990345954895;  2579.8787126541138,1539.5467162132263
7.73100471496582,1.9985934495925903,1.7742815017700195;  2563.623278617859,1538.9257836341858
7.606878757476807,2.011483669281006,1.7763174772262573;  2538.1097145080566,1537.9552257061005
7.4428935050964355,2.0284252166748047,1.7789995670318604;  2504.6814908981323,1536.6909110546112
7.244688034057617,2.048768997192383,1.7822226285934448;  2464.691213607788,1535.1870501041412
7.017902851104736,2.071868896484375,1.7858744859695435;  2419.476459503174,1533.4958124160767
6.768187046051025,2.097088575363159,1.7898359298706055;  2370.339590549469,1531.6646480560303
6.501202583312988,2.123806953430176,1.7939831018447876;  2318.5337562561035,1529.7362875938416
6.222624778747559,2.1514217853546143,1.7981910705566406;  2265.2546424865723,1527.7493798732758
5.938146591186523,2.1793527603149414,1.8023391962051392;  2211.6361985206604,1525.7390022277832
5.653478145599365,2.2070415019989014,1.8063160181045532;  2158.7519631385803,1523.7385737895966
5.374345779418945,2.233949661254883,1.8100247383117676;  2107.6175694465637,1521.7806208133698
5.106490135192871,2.2595574855804443,1.8133876323699951;  2059.19766998291,1519.898945093155
4.855661869049072,2.2833590507507324,1.8163474798202515;  2014.4130091667175,1518.1291341781616
4.627620697021484,2.304858446121216,1.818868637084961;  1974.1505899429321,1516.5100920200348
4.428128719329834,2.32356333732605,1.8209340572357178;  1939.2738404273987,1515.0831460952759
4.2629499435424805,2.3389832973480225,1.8225412368774414;  1910.6341066360474,1513.8928127288818
4.137843608856201,2.35062313079834,1.8236943483352661;  1889.0834712982178,1512.985394001007
4.058566570281982,2.357983112335205,1.824395775794983;  1875.4891934394836,1512.4073195457458
4.030864715576172,2.3605518341064453,1.82463538646698;  1870.750210762024,1512.2047638893127
4.034312725067139,2.3533849716186523,1.8252264261245728;  1872.3390069007874,1513.0762124061584
4.044179916381836,2.3328871726989746,1.8269970417022705;  1876.913113117218,1515.6042039394379
4.059743881225586,2.300564765930176,1.8299373388290405;  1884.2152690887451,1519.675853252411
4.080272197723389,2.257925510406494,1.8340314626693726;  1894.0170936584473,1525.1949846744537
4.105025291442871,2.206477642059326,1.839258074760437;  1906.1058239936829,1532.0754992961884
4.133256912231445,2.14772891998291,1.8455926179885864;  1920.2709074020386,1540.2342319488525
4.164218902587891,2.083186149597168,1.8530089855194092;  1936.2939820289612,1549.586614370346
4.197157859802246,2.0143544673919678,1.8614811897277832;  1953.9359107017517,1560.0401699543
4.231320381164551,1.942737102508545,1.870984435081482;  1972.9264669418335,1571.4886462688446
4.265952110290527,1.8698338270187378,1.8814966678619385;  1992.954463005066,1583.8067853450775
4.300299167633057,1.7971439361572266,1.8929998874664307;  2013.6562571525574,1596.8443286418915
4.333611965179443,1.7261638641357422,1.9054815769195557;  2034.6089758872986,1610.4202771186829
4.365139961242676,1.6583898067474365,1.9189342260360718;  2055.3213787078857,1624.3177890777588
4.394139766693115,1.5953185558319092,1.9333572387695312;  2075.232974052429,1638.281501531601
4.419870376586914,1.5384464263916016,1.9487559795379639;  2093.7150506973267,1652.0142138004303
4.441596508026123,1.4892736673355103,1.9651423692703247;  2110.0778975486755,1665.1791834831238
4.458588123321533,1.4493036270141602,1.98253333568573;  2123.5892214775085,1677.4043357372284
4.470122337341309,1.420043706893921,2.0009512901306152;  2133.4987535476685,1688.2919573783875
4.4754815101623535,1.4030065536499023,2.0204215049743652;  2139.0734639167786,1697.433875799179
4.4739556312561035,1.3997101783752441,2.0409719944000244;  2139.640880584717,1704.4303369522095
4.451292037963867,1.416754961013794,2.062769651412964;  2130.5782742500305,1708.007332086563
4.396378993988037,1.457535982131958,2.085698127746582;  2109.1212015151978,1707.4902284145355
4.313229084014893,1.518783688545227,2.1093642711639404;  2077.697427749634,1703.5017442703247
4.205876350402832,1.5972411632537842,2.133376359939575;  2038.8474354743958,1696.7389619350433
4.07839298248291,1.6896586418151855,2.1573433876037598;  1995.0125455856323,1687.9052138328552
3.9348998069763184,1.7927899360656738,2.1808741092681885;  1948.395236492157,1677.6599538326263
3.779573440551758,1.903390645980835,2.203577995300293;  1900.8854727745056,1666.588909626007
3.616650104522705,2.018219232559204,2.225064992904663;  1854.0433187484741,1655.1911997795105
3.4504246711730957,2.1340372562408447,2.244945526123047;  1809.1182403564453,1643.878823518753
3.2852437496185303,2.247612237930298,2.2628307342529297;  1767.0909504890442,1632.9839313030243
3.1254968643188477,2.3557169437408447,2.2783336639404297;  1728.7260103225708,1622.7726006507874
2.9756007194519043,2.4551291465759277,2.291066884994507;  1694.6279668807983,1613.4583568572998
2.8399839401245117,2.542630195617676,2.3006436824798584;  1665.2938070297241,1605.218117237091
2.7230618000030518,2.614999532699585,2.306676149368286;  1641.164969444275,1598.2064771652222
2.629211664199829,2.6690127849578857,2.308774471282959;  1622.6755256652832,1592.571016550064
2.5523176193237305,2.710618495941162,2.3064522743225098;  1608.0514698028564,1587.4345469474792
2.4831063747406006,2.748067617416382,2.2997729778289795;  1595.1075625419617,1581.8666899204254
2.421173572540283,2.7815778255462646,2.2891674041748047;  1583.6969032287598,1575.9354317188263
2.366114616394043,2.8113691806793213,2.27506685256958;  1573.686146736145,1569.70569729805
2.3175253868103027,2.837660312652588,2.257901668548584;  1564.9541773796082,1563.2402431964874
2.275001049041748,2.8606691360473633,2.2381033897399902;  1557.3896040916443,1556.6009330749512
2.23813796043396,2.880614995956421,2.216102361679077;  1550.8897290229797,1549.8483550548553
2.206531286239624,2.897716760635376,2.1923298835754395;  1545.3589267730713,1543.0434799194336
2.179776668548584,2.9121930599212646,2.1672167778015137;  1540.7071709632874,1536.2466406822205
2.157470226287842,2.924262762069702,2.1411941051483154;  1536.8497395515442,1529.519190788269
2.139206886291504,2.9341444969177246,2.114692449569702;  1533.7055940628052,1522.922738790512
2.1245830059051514,2.9420571327209473,2.0881428718566895;  1531.197084903717,1516.5204238891602
2.113193988800049,2.9482197761535645,2.061976432800293;  1529.2490673065186,1510.375895500183
2.104635238647461,2.952850818634033,2.03662371635437;  1527.788311958313,1504.5545887947083
2.0985026359558105,2.9561688899993896,2.0125160217285156;  1526.7432103157043,1499.123214483261
2.0943915843963623,2.958393096923828,1.990084171295166;  1526.0434799194336,1494.1498863697052
2.091898202896118,2.959742546081543,1.969759225845337;  1525.6194276809692,1489.7037386894226
2.0906176567077637,2.960435152053833,1.9519717693328857;  1525.4016551971436,1485.855563879013
2.090146064758301,2.960690498352051,1.9371528625488281;  1525.3215007781982,1482.6773023605347
2.090078592300415,2.9607269763946533,1.9257333278656006;  1525.3100080490112,1480.2415323257446
2.0996124744415283,2.965264320373535,1.9177767038345337;  1526.3640975952148,1478.173245191574
2.125377893447876,2.9784083366394043,1.912231206893921;  1529.151231765747,1475.9183466434479
2.1630468368530273,2.9994893074035645,1.907857894897461;  1533.0889649391174,1473.2823169231415
2.208301544189453,3.027820587158203,1.903416633605957;  1537.595440864563,1470.0763761997223
2.256936550140381,3.0626535415649414,1.897667407989502;  1542.1169457435608,1466.123607158661
2.3049263954162598,3.103156089782715,1.8893678188323975;  1546.1447052955627,1461.2609958648682
2.3484508991241455,3.148416757583618,1.877274751663208;  1549.223283290863,1455.338921546936
2.383877992630005,3.197464942932129,1.8601435422897339;  1550.9477820396423,1448.2192432880402
2.4077024459838867,3.249300718307495,1.8367283344268799;  1550.9542651176453,1439.7705805301666
2.416435718536377,3.3029286861419678,1.8057827949523926;  1548.9000134468079,1429.864103794098
2.3917934894561768,3.372390031814575,1.761157512664795;  1541.704828262329,1416.433184146881
2.324907064437866,3.4672374725341797,1.7007477283477783;  1528.000632762909,1398.7461721897125
2.2263376712799072,3.5797696113586426,1.629378080368042;  1509.9813594818115,1378.5988998413086
2.1066460609436035,3.7022857666015625,1.5518724918365479;  1489.6815161705017,1357.6046693325043
1.976393461227417,3.827084541320801,1.4730552434921265;  1468.8992729187012,1337.1508848667145
1.8461408615112305,3.9464645385742188,1.3977506160736084;  1449.1827592849731,1318.4046649932861
1.7264494895935059,4.052725315093994,1.3307826519012451;  1431.8614482879639,1302.3512363433838
1.6278799772262573,4.1381659507751465,1.2769756317138672;  1418.108335018158,1289.8532462120056
1.5609934329986572,4.195084095001221,1.241153597831726;  1409.0215644836426,1281.7225754261017
1.536351203918457,4.215780258178711,1.2281407117843628;  1405.7231512069702,1278.8051617145538
1.5363554954528809,4.215810775756836,1.2281405925750732;  1405.7227091789246,1278.8041412830353
1.5363662242889404,4.2158613204956055,1.228140950202942;  1405.7225618362427,1278.8024830818176
1.5363810062408447,4.215924263000488,1.228142261505127;  1405.7225618362427,1278.8005697727203
1.5363972187042236,4.21599006652832,1.2281451225280762;  1405.7224144935608,1278.7989115715027
1.5364123582839966,4.2160515785217285,1.228149652481079;  1405.7224144935608,1278.7976360321045
1.536423921585083,4.216101169586182,1.228156566619873;  1405.7224144935608,1278.7971258163452
1.5364294052124023,4.216130256652832,1.228166103363037;  1405.722267150879,1278.7977635860443
1.5491780042648315,4.203122615814209,1.2339119911193848;  1407.489347934723,1280.2145051956177
1.5854403972625732,4.1660661697387695,1.250244379043579;  1412.5582308769226,1284.2769706249237
1.642225742340088,4.107947826385498,1.2758374214172363;  1420.622148513794,1290.743955373764
1.7165272235870361,4.0317487716674805,1.3093643188476562;  1431.4130845069885,1299.4066536426544
1.8053338527679443,3.9404537677764893,1.3494987487792969;  1444.6815876960754,1310.0720763206482
1.9056410789489746,3.837048053741455,1.394913911819458;  1460.1785016059875,1322.5473618507385
2.014458656311035,3.724526882171631,1.4442845582962036;  1477.6378726959229,1336.6257452964783
2.1288177967071533,3.6058926582336426,1.496286153793335;  1496.7592692375183,1352.0711243152618
2.245777130126953,3.4841573238372803,1.5495954751968384;  1517.1920156478882,1368.6050486564636
2.362424373626709,3.3623416423797607,1.6028902530670166;  1538.5169219970703,1385.8916687965393
2.475877285003662,3.2434756755828857,1.654849886894226;  1560.2321391105652,1403.5248529911041
2.583285331726074,3.1305935382843018,1.7041549682617188;  1581.7410764694214,1421.0187482833862
2.681823968887329,3.026735544204712,1.7494866847991943;  1602.3450350761414,1437.8014028072357
2.7686920166015625,2.934943437576294,1.7895283699035645;  1621.2464489936829,1453.2174444198608
2.841104030609131,2.8582587242126465,1.8229631185531616;  1637.5619988441467,1466.5391778945923
2.8962817192077637,2.7997231483459473,1.8484749794006348;  1650.353259086609,1476.9922232627869
2.931443452835083,2.762376308441162,1.8647480010986328;  1658.6725215911865,1483.7950575351715
2.9437901973724365,2.749253273010254,1.8704651594161987;  1661.625563621521,1486.2105464935303
2.9437901973724365,2.749253273010254,1.8704651594161987;  1661.625563621521,1486.2105464935303
2.9437901973724365,2.749253273010254,1.8704651594161987;  1661.625563621521,1486.2105464935303
2.9437901973724365,2.749253273010254,1.8704651594161987;  1661.625563621521,1486.2105464935303
2.9437901973724365,2.749253273010254,1.8704651594161987;  1661.625563621521,1486.2105464935303
2.9437901973724365,2.749253273010254,1.8704651594161987;  1661.625563621521,1486.2105464935303
