-5.006695747375488,4.3077802658081055,0.7255255579948425;  690.9698424339294,1191.5529096126556
-4.99183464050293,4.310296058654785,0.7188725471496582;  692.8042588233948,1190.3902554512024
-4.949317932128906,4.317486763000488,0.6998264789581299;  698.043764591217,1187.067220211029
-4.88226318359375,4.328802108764648,0.6697520613670349;  706.2809572219849,1181.8359780311584
-4.7938032150268555,4.3436808586120605,0.6300101280212402;  717.0986359119415,1174.953167438507
-4.687079429626465,4.361559867858887,0.5819610953330994;  730.0768003463745,1166.6761922836304
-4.565228462219238,4.3818745613098145,0.5269674062728882;  744.7979550361633,1157.2619462013245
-4.431378364562988,4.404068946838379,0.46639540791511536;  760.8521189689636,1146.9640064239502
-4.288642883300781,4.427595615386963,0.4016169309616089;  777.8399198055267,1136.0317409038544
-4.140115261077881,4.451921463012695,0.3340095579624176;  795.3748776912689,1124.7090327739716
-3.9888672828674316,4.476529121398926,0.26495686173439026;  813.0849523544312,1113.2337701320648
-3.8379428386688232,4.500917434692383,0.19584769010543823;  830.6131324768066,1101.8370807170868
-3.6903624534606934,4.52460241317749,0.1280754804611206;  847.6164042949677,1090.744479894638
-3.5491199493408203,4.547119140625,0.06303711235523224;  863.7657516002655,1080.1751053333282
-3.417185068130493,4.568017482757568,0.002131529152393341;  878.7435772418976,1070.3429925441742
-3.297508716583252,4.586860656738281,-0.053241096436977386;  892.24156665802,1061.4581590890884
-3.193025588989258,4.603222846984863,-0.10168033093214035;  903.9585514068604,1053.7269872426987
-3.1066603660583496,4.616684913635254,-0.14178702235221863;  913.5968992710114,1047.3544561862946
-3.041334629058838,4.626829147338867,-0.1721627116203308;  920.8594937324524,1042.5450348854065
-2.99997878074646,4.63323450088501,-0.19141066074371338;  925.4448716640472,1039.5050418376923
-2.985534191131592,4.635468482971191,-0.19813638925552368;  927.0442028045654,1038.444111943245
-2.985534191131592,4.635468482971191,-0.17601639032363892;  927.0442028045654,1041.9670242071152
-2.985534191131592,4.635468482971191,-0.11597640067338943;  927.0442028045654,1051.5292328596115
-2.985534191131592,4.635468482971191,-0.02749643288552761;  927.0442028045654,1065.6208819150925
-2.985534191131592,4.635468482971191,0.07994358241558075;  927.0442028045654,1082.7321791648865
-2.985534191131592,4.635468482971191,0.19686359167099;  927.0442028045654,1101.3533961772919
-2.985534191131592,4.635468482971191,0.31378358602523804;  927.0442028045654,1119.9744856357574
-2.985534191131592,4.635468482971191,0.42122361063957214;  927.0442028045654,1137.0857191085815
-2.985534191131592,4.635468482971191,0.5097036361694336;  927.0442028045654,1151.1773681640625
-2.985534191131592,4.635468482971191,0.5697435736656189;  927.0442028045654,1160.7395768165588
-2.985534191131592,4.635468482971191,0.5918635725975037;  927.0442028045654,1164.262489080429
-2.985778331756592,4.635303497314453,0.5693747997283936;  927.0112717151642,1160.6831979751587
-2.9865164756774902,4.634803771972656,0.5060886740684509;  926.9115943908691,1150.6097531318665
-2.987804889678955,4.633932113647461,0.4082711935043335;  926.7376563549042,1135.037968158722
-2.9897301197052,4.63262939453125,0.28218287229537964;  926.4775965213776,1114.9608504772186
-2.992371082305908,4.630842208862305,0.13408046960830688;  926.1206588745117,1091.3691115379333
-2.995769500732422,4.628542423248291,-0.02978074550628662;  925.6610970497131,1065.2521234750748
-2.999907970428467,4.625741958618164,-0.20314297080039978;  925.1010475158691,1037.5992584228516
-3.004695415496826,4.622502326965332,-0.37974172830581665;  924.4525187015533,1009.4025671482086
-3.009960412979126,4.6189398765563965,-0.5533000230789185;  923.7386434078217,981.6593301296234
-3.0154502391815186,4.615224838256836,-0.7175256013870239;  922.9934577941895,955.3744810819626
-3.020840644836426,4.61157751083374,-0.8661066293716431;  922.2609436511993,931.5622013807297
-3.0257492065429688,4.608255386352539,-0.9927146434783936;  921.5931866168976,911.2454736232758
-3.029759407043457,4.605542182922363,-1.0910059213638306;  921.0471346378326,895.4551249742508
-3.0324480533599854,4.60372257232666,-1.1546318531036377;  920.6807670593262,885.2249801158905
-3.033421039581299,4.60306453704834,-1.1772475242614746;  920.5481586456299,881.5870141983032
-3.035069465637207,4.596299171447754,-1.1655826568603516;  920.0530135631561,883.2626265287399
-3.039754867553711,4.577213287353516,-1.1320171356201172;  918.6470696926117,888.1138855218887
-3.047138214111328,4.547579288482666,-1.0786964893341064;  916.4364137649536,895.8967167139053
-3.056910514831543,4.50914192199707,-1.0077664852142334;  913.5184392929077,906.3843929767609
-3.0687594413757324,4.46366024017334,-0.9213744401931763;  909.9905397891998,919.3579679727554
-3.082345485687256,4.412931442260742,-0.8216643333435059;  905.9569602012634,934.5976024866104
-3.09727144241333,4.358809471130371,-0.7107734680175781;  901.536016702652,951.8744647502899
-3.113070249557495,4.30321741104126,-0.590836763381958;  896.865106344223,970.9411001205444
-3.129190444946289,4.2481489181518555,-0.46398311853408813;  892.1044642925262,991.5235865116119
-3.1449930667877197,4.195662498474121,-0.33233746886253357;  887.4397423267365,1013.3134984970093
-3.1597564220428467,4.147871971130371,-0.19802197813987732;  883.0813457965851,1035.9610831737518
-3.17268967628479,4.106929302215576,-0.0631544440984726;  879.2610447406769,1059.071369767189
-3.1829569339752197,4.075009822845459,0.07014530897140503;  876.2260801792145,1082.202320098877
-3.189708948135376,4.054286956787109,0.1997608095407486;  874.2288501262665,1104.8687827587128
-3.192128896713257,4.046909332275391,0.3235703706741333;  873.5126910209656,1126.5489983558655
-3.1906821727752686,4.047577381134033,0.42592930793762207;  873.7169816493988,1144.42950963974
-3.187006950378418,4.049274921417236,0.4959487318992615;  874.235848903656,1156.6408860683441
-3.182262420654297,4.05146598815918,0.5386272668838501;  874.9052267074585,1164.0626120567322
-3.1775786876678467,4.053628444671631,0.5589893460273743;  875.5654692649841,1167.5836110115051
-3.1738274097442627,4.055360794067383,0.5621137619018555;  876.0939874649048,1168.1009697914124
-3.1714818477630615,4.056443691253662,0.5531314611434937;  876.4242560863495,1166.516112089157
-3.1705665588378906,4.05686616897583,0.5372008681297302;  876.5531072616577,1163.7298238277435
-3.170705795288086,4.056802272796631,0.5194780826568604;  876.533510684967,1160.638554096222
-3.1712586879730225,4.056546688079834,0.5050963759422302;  876.4556400775909,1158.1330120563507
-3.171556234359741,4.0564093589782715,0.4991677403450012;  876.4137947559357,1157.1004629135132
-3.172625780105591,4.059625148773193,0.4905918836593628;  876.4834141731262,1155.558590888977
-3.176378011703491,4.069223880767822,0.46643078327178955;  876.6274416446686,1151.2162721157074
-3.1842503547668457,4.085435390472412,0.4289385974407196;  876.6965453624725,1144.4890773296356
-3.198122262954712,4.108677387237549,0.3801572322845459;  876.5042631626129,1135.76655626297
-3.2198665142059326,4.139311790466309,0.32183128595352173;  875.866048336029,1125.398461818695
-3.250965118408203,4.177445888519287,0.25541189312934875;  874.6324217319489,1113.693984746933
-3.29219388961792,4.2227983474731445,0.1821596771478653;  872.7165985107422,1100.935401916504
-3.3433961868286133,4.274631023406982,0.10334286093711853;  870.1142320632935,1087.4053728580475
-3.403378963470459,4.331750392913818,0.02049580216407776;  866.9098970890045,1073.4208691120148
-3.46992826461792,4.392571926116943,-0.06430983543395996;  863.2731113433838,1059.368698000908
-3.539952039718628,4.455223083496094,-0.14823901653289795;  859.4419069290161,1045.7317787408829
-3.60971736907959,4.517668724060059,-0.2275630235671997;  855.699550151825,1033.1024718284607
-3.6751484870910645,4.577833652496338,-0.2976561188697815;  852.3476514816284,1022.1788799762726
-3.7321343421936035,4.633693695068359,-0.3531372547149658;  849.6794965267181,1013.7430363893509
-3.776819944381714,4.683328628540039,-0.38814616203308105;  847.9574289321899,1008.6251258850098
-3.812267780303955,4.735904216766357,-0.4037158489227295;  847.3726258277893,1006.661496758461
-3.8440446853637695,4.8007965087890625,-0.40569865703582764;  847.8724122047424,1006.9577407836914
-3.8723793029785156,4.8764328956604,-0.395432710647583;  849.3120975494385,1009.2288386821747
-3.897469997406006,4.961184978485107,-0.3743700385093689;  851.5450022220612,1013.1663012504578
-3.919492244720459,5.053370952606201,-0.3440498113632202;  854.4258463382721,1018.4519451856613
-3.938601016998291,5.151266098022461,-0.3060773015022278;  857.8144333362579,1024.768990278244
-3.954935073852539,5.253106117248535,-0.2621077299118042;  861.5780811309814,1031.8105417490005
-3.9686241149902344,5.357093811035156,-0.21383196115493774;  865.5927271842957,1039.2847561836243
-3.979797840118408,5.46140718460083,-0.16296762228012085;  869.7428548336029,1046.9182854890823
-3.9885807037353516,5.56419563293457,-0.11125105619430542;  873.922524690628,1054.4572335481644
-3.9951109886169434,5.663585662841797,-0.06043344736099243;  878.0332381725311,1061.6664546728134
-3.999532461166382,5.757676124572754,-0.012275516986846924;  881.9835691452026,1068.3278316259384
-4.002007007598877,5.844531536102295,0.03145298361778259;  885.6866590976715,1074.2373418807983
-4.00270938873291,5.922185897827148,0.06897222995758057;  889.0595541000366,1079.2007207870483
-4.001834869384766,5.988622665405273,0.0984942615032196;  892.0200369358063,1083.0296349525452
-3.9972503185272217,6.044023036956787,0.11739039421081543;  894.7804284095764,1085.4222917556763
-3.9873452186584473,6.090267181396484,0.12515264749526978;  897.5715408325195,1086.348078250885
-3.973118782043457,6.127845764160156,0.12317758798599243;  900.3381206989288,1086.0158002376556
-3.9555625915527344,6.157278060913086,0.11287727952003479;  903.0271246433258,1084.6235489845276
-3.935650110244751,6.179149150848389,0.09569033980369568;  905.589192867279,1082.3638033866882
-3.914314031600952,6.194134712219238,0.07307209074497223;  907.9813749790192,1079.4241952896118
-3.892435073852539,6.203010082244873,0.04649868607521057;  910.1677930355072,1075.9904432296753
-3.870828151702881,6.206662654876709,0.017458565533161163;  912.1207466125488,1072.2482657432556
-3.8502349853515625,6.206079959869385,-0.012550920248031616;  913.8208601474762,1068.3837640285492
-3.8313190937042236,6.202338695526123,-0.04202990233898163;  915.2575249671936,1064.5849525928497
-3.814673900604248,6.196593284606934,-0.06947904080152512;  916.4271311759949,1061.0421419143677
-3.8008360862731934,6.19003963470459,-0.09340863674879074;  917.3315942287445,1057.9472368955612
-3.790306806564331,6.183899402618408,-0.11233040690422058;  917.9759237766266,1055.4948210716248
-3.7835869789123535,6.179374694824219,-0.1247652918100357;  918.364171743393,1053.8801795244217
-3.7812139987945557,6.177623748779297,-0.12923771142959595;  918.4953804016113,1053.2987886667252
-3.7812139987945557,6.177623748779297,-0.12923771142959595;  918.4953804016113,1053.2987886667252
-3.7812139987945557,6.177623748779297,-0.12923771142959595;  918.4953804016113,1053.2987886667252
-3.7812139987945557,6.177623748779297,-0.12923771142959595;  918.4953804016113,1053.2987886667252
-3.7812139987945557,6.177623748779297,-0.12923771142959595;  918.4953804016113,1053.2987886667252
-3.7812139987945557,6.177623748779297,-0.12923771142959595;  918.4953804016113,1053.2987886667252
-3.7812139987945557,6.177623748779297,-0.12923771142959595;  918.4953804016113,1053.2987886667252
-3.7812139987945557,6.177623748779297,-0.12923771142959595;  918.4953804016113,1053.2987886667252
-3.7812139987945557,6.177623748779297,-0.12923771142959595;  918.4953804016113,1053.2987886667252
-3.7812139987945557,6.177623748779297,-0.12923771142959595;  918.4953804016113,1053.2987886667252
-3.7812139987945557,6.177623748779297,-0.12923771142959595;  918.4953804016113,1053.2987886667252
-3.7812139987945557,6.177623748779297,-0.12923771142959595;  918.4953804016113,1053.2987886667252
-3.7812139987945557,6.177623748779297,-0.12923771142959595;  918.4953804016113,1053.2987886667252
-3.7812139987945557,6.177623748779297,-0.12923771142959595;  918.4953804016113,1053.2987886667252
-3.7812139987945557,6.177623748779297,-0.12923771142959595;  918.4953804016113,1053.2987886667252
-3.7812139987945557,6.177623748779297,-0.12923771142959595;  918.4953804016113,1053.2987886667252
-3.7812139987945557,6.177623748779297,-0.12923771142959595;  918.4953804016113,1053.2987886667252
-3.7812139987945557,6.177623748779297,-0.12923771142959595;  918.4953804016113,1053.2987886667252
-3.7812139987945557,6.177623748779297,-0.12923771142959595;  918.4953804016113,1053.2987886667252
-3.7812139987945557,6.177623748779297,-0.12923771142959595;  918.4953804016113,1053.2987886667252
-3.7812139987945557,6.177623748779297,-0.12923771142959595;  918.4953804016113,1053.2987886667252
-3.7812139987945557,6.177623748779297,-0.12923771142959595;  918.4953804016113,1053.2987886667252
-3.7812139987945557,6.177623748779297,-0.12923771142959595;  918.4953804016113,1053.2987886667252
-3.7812139987945557,6.177623748779297,-0.12923771142959595;  918.4953804016113,1053.2987886667252
-3.7812139987945557,6.177623748779297,-0.12923771142959595;  918.4953804016113,1053.2987886667252
-3.7812139987945557,6.177623748779297,-0.12923771142959595;  918.4953804016113,1053.2987886667252
