-7.824220657348633,2.4752790927886963,0.1946364939212799;  35.48711657524109,1115.9615111351013
-7.809914588928223,2.477419853210449,0.19084639847278595;  38.25490050762892,1115.0450360774994
-7.7689690589904785,2.4835469722747803,0.17999884486198425;  46.16283059120178,1112.426608800888
-7.704344272613525,2.493217706680298,0.16287802159786224;  58.59973168373108,1108.3085298538208
-7.61899995803833,2.505988597869873,0.14026808738708496;  74.94229128956795,1102.897309064865
-7.515896797180176,2.5214173793792725,0.11295319348573685;  94.56253489851952,1096.4007318019867
-7.397993564605713,2.539060354232788,0.08171749860048294;  116.83568349480629,1089.0258181095123
-7.268250942230225,2.5584754943847656,0.04734516143798828;  141.14603805541992,1080.9762716293335
-7.1296281814575195,2.579219102859497,0.010620356537401676;  166.89249569177628,1072.4512040615082
-6.985085487365723,2.60084867477417,-0.02767278254032135;  193.49122023582458,1063.6439234018326
-6.837583541870117,2.6229212284088135,-0.06675005704164505;  220.37807339429855,1054.7412323951721
-6.6900811195373535,2.644993782043457,-0.10582735389471054;  247.00934225320816,1045.9232372045517
-6.545538902282715,2.66662335395813,-0.1441204696893692;  272.8618682026863,1037.363092303276
-6.406916618347168,2.6873669624328613,-0.1808452606201172;  297.43135249614716,1029.2277020215988
-6.2771735191345215,2.706782102584839,-0.21521762013435364;  320.2310485839844,1021.6784220933914
-6.159270286560059,2.7244253158569336,-0.24645337462425232;  340.78745234012604,1014.871888756752
-6.056166648864746,2.739853858947754,-0.27376821637153625;  358.63809192180634,1008.9612305164337
-5.970822334289551,2.752624988555908,-0.2963782250881195;  373.3264260292053,1004.0977263450623
-5.906197547912598,2.7622954845428467,-0.31349900364875793;  384.39628171920776,1000.4323363304138
-5.865252494812012,2.7684226036071777,-0.32434651255607605;  391.3867710828781,998.1176787614822
-5.850945949554443,2.7705633640289307,-0.328136682510376;  393.8251082897186,997.3103260993958
-5.850945949554443,2.7705633640289307,-0.3060166835784912;  393.8251082897186,1002.2103744745255
-5.850945949554443,2.7705633640289307,-0.24597668647766113;  393.8251082897186,1015.5106151103973
-5.850945949554443,2.7705633640289307,-0.15749672055244446;  393.8251082897186,1035.1109999418259
-5.850945949554443,2.7705633640289307,-0.050056710839271545;  393.8251082897186,1058.9114171266556
-5.850945949554443,2.7705633640289307,0.0668632909655571;  393.8251082897186,1084.8119461536407
-5.850945949554443,2.7705633640289307,0.18378329277038574;  393.8251082897186,1110.712411403656
-5.850945949554443,2.7705633640289307,0.29122331738471985;  393.8251082897186,1134.5128285884857
-5.850945949554443,2.7705633640289307,0.3797033727169037;  393.8251082897186,1154.1132771968842
-5.850945949554443,2.7705633640289307,0.439743310213089;  393.8251082897186,1167.4134540557861
-5.850945949554443,2.7705633640289307,0.46186330914497375;  393.8251082897186,1172.3135662078857
-5.850945949554443,2.7705633640289307,0.4342159032821655;  393.8251082897186,1166.1890637874603
-5.850945949554443,2.7705633640289307,0.35641738772392273;  393.8251082897186,1148.9548683166504
-5.850945949554443,2.7705633640289307,0.2361833155155182;  393.8251082897186,1122.320202589035
-5.850945949554443,2.7705633640289307,0.08122922480106354;  393.8251082897186,1087.9942893981934
-5.850945949554443,2.7705633640289307,-0.10072926431894302;  393.8251082897186,1047.6862877607346
-5.850945949554443,2.7705633640289307,-0.3019767105579376;  393.8251082897186,1003.1053566932678
-5.850945949554443,2.7705633640289307,-0.5147973895072937;  393.8251082897186,955.9606552124023
-5.850945949554443,2.7705633640289307,-0.7314760088920593;  393.8251082897186,907.9613423347473
-5.850945949554443,2.7705633640289307,-0.9442965984344482;  393.8251082897186,860.8166408538818
-5.850945949554443,2.7705633640289307,-1.145544171333313;  393.8251082897186,816.2356460094452
-5.850945949554443,2.7705633640289307,-1.3275026082992554;  393.8251082897186,775.9276443719864
-5.850945949554443,2.7705633640289307,-1.4824568033218384;  393.8251082897186,741.6017311811447
-5.850945949554443,2.7705633640289307,-1.602690577507019;  393.8251082897186,714.9671930074692
-5.850945949554443,2.7705633640289307,-1.680489182472229;  393.8251082897186,697.7329975366592
-5.850945949554443,2.7705633640289307,-1.7081365585327148;  393.8251082897186,691.6084313392639
-5.856865406036377,2.7693002223968506,-1.6927353143692017;  392.7498013973236,694.9208796024323
-5.873495101928711,2.7657618522644043,-1.6486514806747437;  389.7276188135147,704.4177806377411
-5.899113655090332,2.7603423595428467,-1.5790648460388184;  385.06875371932983,719.4497573375702
-5.931984901428223,2.7534425258636475,-1.4871560335159302;  379.08509373664856,739.3741929531097
-5.970371246337891,2.7454586029052734,-1.3761053085327148;  372.08893167972565,763.5483431816101
-6.0125579833984375,2.7367725372314453,-1.2490928173065186;  364.3890609741211,791.3232773542404
-6.056858539581299,2.727745294570923,-1.109300136566162;  356.29051780700684,822.0389676094055
-6.101628303527832,2.7187130451202393,-0.9599074125289917;  348.0918552875519,855.0219291448593
-6.145270347595215,2.7099905014038086,-0.8040950894355774;  340.084885597229,889.5837533473969
-6.186234474182129,2.701871395111084,-0.6450425982475281;  332.5554167032242,925.0207889080048
-6.223014831542969,2.6946322917938232,-0.485929012298584;  325.78251564502716,960.6145882606506
-6.254142761230469,2.6885406970977783,-0.3299322724342346;  320.04108703136444,995.6339484453201
-6.278172492980957,2.6838579177856445,-0.18022948503494263;  315.6024624109268,1029.3361228704453
-6.2936625480651855,2.6808478832244873,-0.03999795764684677;  312.73826801776886,1060.96988260746
-6.299156665802002,2.679781675338745,0.08758547902107239;  311.72178769111633,1089.7787690162659
-6.299156665802002,2.679781675338745,0.20118755102157593;  311.72178769111633,1115.4324173927307
-6.299156665802002,2.679781675338745,0.30176159739494324;  311.72178769111633,1138.1440341472626
-6.299156665802002,2.679781675338745,0.3895595967769623;  311.72178769111633,1157.9706358909607
-6.299156665802002,2.679781675338745,0.4648335874080658;  311.72178769111633,1174.9691116809845
-6.299156665802002,2.679781675338745,0.5278356075286865;  311.72178769111633,1189.1962230205536
-6.299156665802002,2.679781675338745,0.57881760597229;  311.72178769111633,1200.7089865207672
-6.299156665802002,2.679781675338745,0.6180315017700195;  311.72178769111633,1209.5642912387848
-6.299156665802002,2.679781675338745,0.6457295417785645;  311.72178769111633,1215.8190262317657
-6.299156665802002,2.679781675338745,0.662163496017456;  311.72178769111633,1219.5302081108093
-6.299156665802002,2.679781675338745,0.6675854921340942;  311.72178769111633,1220.7545983791351
-6.298961639404297,2.6785826683044434,0.6426425576210022;  311.5134451389313,1215.1591897010803
-6.298321723937988,2.675114870071411,0.5724329948425293;  310.92182743549347,1199.3962013721466
-6.297097682952881,2.669577121734619,0.4638844132423401;  310.0046560764313,1174.983652830124
-6.295111656188965,2.6621744632720947,0.32392600178718567;  308.8269828557968,1143.425532579422
-6.292181015014648,2.653113842010498,0.15949654579162598;  307.45398849248886,1106.224170923233
-6.288151741027832,2.64260196685791,-0.022454597055912018;  305.94746482372284,1064.8888498544693
-6.282916069030762,2.630842685699463,-0.21496731042861938;  304.3621864914894,1020.9431374073029
-6.276435375213623,2.6180319786071777,-0.4110753536224365;  302.7413249015808,975.9297347068787
-6.268746852874756,2.6043541431427,-0.6038098931312561;  301.1155825853348,931.4139199256897
-6.2599663734436035,2.5899770259857178,-0.7862100005149841;  299.50081729888916,888.984249830246
-6.250283241271973,2.5750482082366943,-0.9513258934020996;  297.8982998728752,850.2534526586533
-6.2399492263793945,2.559694766998291,-1.0922268629074097;  296.29572719335556,816.8572163581848
-6.229258060455322,2.5440244674682617,-1.2020021677017212;  294.67066633701324,790.4541248083115
-6.218527793884277,2.5281310081481934,-1.2737603187561035;  292.9939434528351,772.7257853746414
-6.208070278167725,2.512106418609619,-1.3006259202957153;  291.2362741827965,765.3777855634689
-6.196720123291016,2.505392551422119,-1.2964682579040527;  291.55829161405563,765.8990985155106
-6.1833953857421875,2.5160818099975586,-1.280525803565979;  295.81969982385635,770.3494554758072
-6.168512344360352,2.542234182357788,-1.2539746761322021;  303.48291903734207,778.2521235942841
-6.152486801147461,2.5818958282470703,-1.2179850339889526;  313.9565341472626,789.0783280134201
-6.135737419128418,2.633100986480713,-1.1737205982208252;  326.6294413805008,802.2796505689621
-6.118682384490967,2.6938767433166504,-1.1223407983779907;  340.89876973629,817.3137956857681
-6.101739406585693,2.7622427940368652,-1.0649995803833008;  356.1917613744736,833.6659556627274
-6.085325241088867,2.836214065551758,-1.0028481483459473;  371.97923505306244,850.8618211746216
-6.0698561668396,2.913804292678833,-0.9370347261428833;  387.78405833244324,868.476254940033
-6.0557427406311035,2.9930269718170166,-0.8687053322792053;  403.18339455127716,886.1359065771103
-6.043396472930908,3.0718979835510254,-0.7990037202835083;  417.80560863018036,903.5182559490204
-6.033218860626221,3.148437023162842,-0.729073166847229;  431.3267308473587,920.3475314378738
-6.025609016418457,3.2206690311431885,-0.66005539894104;  443.4609532356262,936.3889062404633
-6.020956039428711,3.2866296768188477,-0.5930906534194946;  453.9537044763565,951.4421206712723
-6.019639492034912,3.344360828399658,-0.5293185114860535;  462.5707097053528,965.3330636024475
-6.021204948425293,3.3949623107910156,-0.46902981400489807;  469.62577199935913,978.1244277954102
-6.024693965911865,3.440995931625366,-0.41185224056243896;  475.6694004535675,990.0072252750397
-6.029717445373535,3.48271107673645,-0.35793235898017883;  480.8252155780792,1001.0088801383972
-6.035887718200684,3.5203471183776855,-0.3074187636375427;  485.20615553855896,1011.1492908000946
-6.042830467224121,3.554126262664795,-0.26046618819236755;  488.91407096385956,1020.4409575462341
-6.0501933097839355,3.584240436553955,-0.21723103523254395;  492.0374411344528,1028.8902580738068
-6.057654857635498,3.610851764678955,-0.17787346243858337;  494.6527737379074,1036.4980852603912
-6.064929008483887,3.634091377258301,-0.1425541490316391;  496.8241996765137,1043.2611864805222
-6.0717692375183105,3.6540584564208984,-0.11143488436937332;  498.6038782596588,1049.1720360517502
-6.077967166900635,3.670825958251953,-0.08467583358287811;  500.0336548089981,1054.22030210495
-6.083349227905273,3.6844491958618164,-0.06243623048067093;  501.1473444700241,1058.3927190303802
-6.087770462036133,3.6949687004089355,-0.04487092047929764;  501.97165310382843,1061.6736614704132
-6.091100692749023,3.702423334121704,-0.03213515132665634;  502.5301923751831,1064.0447616577148
-6.093210697174072,3.706853151321411,-0.024381481111049652;  502.8456530570984,1065.4852283000946
-6.0939531326293945,3.708313465118408,-0.021762683987617493;  502.94389379024506,1065.9712088108063
-6.0939531326293945,3.708313465118408,-0.021762683987617493;  502.94389379024506,1065.9712088108063
-6.0939531326293945,3.708313465118408,-0.021762683987617493;  502.94389379024506,1065.9712088108063
-6.0939531326293945,3.708313465118408,-0.021762683987617493;  502.94389379024506,1065.9712088108063
-6.0939531326293945,3.708313465118408,-0.021762683987617493;  502.94389379024506,1065.9712088108063
-6.0939531326293945,3.708313465118408,-0.021762683987617493;  502.94389379024506,1065.9712088108063
-6.0939531326293945,3.708313465118408,-0.021762683987617493;  502.94389379024506,1065.9712088108063
-6.0939531326293945,3.708313465118408,-0.021762683987617493;  502.94389379024506,1065.9712088108063
-6.0939531326293945,3.708313465118408,-0.021762683987617493;  502.94389379024506,1065.9712088108063
-6.0939531326293945,3.708313465118408,-0.021762683987617493;  502.94389379024506,1065.9712088108063
-6.0939531326293945,3.708313465118408,-0.021762683987617493;  502.94389379024506,1065.9712088108063
-6.0939531326293945,3.708313465118408,-0.021762683987617493;  502.94389379024506,1065.9712088108063
-6.0939531326293945,3.708313465118408,-0.021762683987617493;  502.94389379024506,1065.9712088108063
-6.0939531326293945,3.708313465118408,-0.021762683987617493;  502.94389379024506,1065.9712088108063
-6.0939531326293945,3.708313465118408,-0.021762683987617493;  502.94389379024506,1065.9712088108063
-6.0939531326293945,3.708313465118408,-0.021762683987617493;  502.94389379024506,1065.9712088108063
-6.0939531326293945,3.708313465118408,-0.021762683987617493;  502.94389379024506,1065.9712088108063
-6.0939531326293945,3.708313465118408,-0.021762683987617493;  502.94389379024506,1065.9712088108063
-6.0939531326293945,3.708313465118408,-0.021762683987617493;  502.94389379024506,1065.9712088108063
-6.0939531326293945,3.708313465118408,-0.021762683987617493;  502.94389379024506,1065.9712088108063
-6.0939531326293945,3.708313465118408,-0.021762683987617493;  502.94389379024506,1065.9712088108063
-6.0939531326293945,3.708313465118408,-0.021762683987617493;  502.94389379024506,1065.9712088108063
-6.0939531326293945,3.708313465118408,-0.021762683987617493;  502.94389379024506,1065.9712088108063
-6.0939531326293945,3.708313465118408,-0.021762683987617493;  502.94389379024506,1065.9712088108063
-6.0939531326293945,3.708313465118408,-0.021762683987617493;  502.94389379024506,1065.9712088108063
-6.0939531326293945,3.708313465118408,-0.021762683987617493;  502.94389379024506,1065.9712088108063
